37,1
37,3
28,1
28,3
0,491
0,490
0,489
0,488
0,487
0,486
0,485
0,484
0,483
0,482
0,481
0,480
0,479
0,474
61,52
61,51
61,50
61,49
61,48
61,47
61,46
61,45
61,44
61,43
61,42
61,41
61,40
61,39
61,38
61,37
61,36
61,35
3,2
10,285
10,97
10,117
10,197
10,253
10,169
10,265
10,283
10,2
10,3
11,28
11,13
11,27
11,15
11,19
9,5
9,2
9,3
8,15
8,9
8,17
8,13
8,2
8,3
59,5
59,4
59,3
59,2
59,1
59,0
38,4
38,3
38,1
36,3
36,1
35,3
35,1
33,3
33,1
32,3
32,1
31,3
31,1
30,2
29,3
29,1
26,3
26,1
25,3
25,1
20,3
20,2
20,1
19,3
19,2
19,1
12,3
12,2
12,1
11,30
11,29
11,25
11,23
18,1
11,22
18,3
11,21
11,20
11,18
11,17
